name: build\venv
channels:
  - conda-forge
  - defaults
dependencies:
  - boto3=1.36.0=pyhd8ed1ab_0
  - botocore=1.36.26=pyge38_1234567_0
  - bottle=0.12.23=pyhd8ed1ab_0
  - brotli-python=1.1.0=py39ha51f57c_2
  - bzip2=1.0.8=h2466b09_7
  - ca-certificates=2025.1.31=h56e8100_0
  - certifi=2025.1.31=pyhd8ed1ab_0
  - chardet=3.0.4=py39h467e6f4_1008
  - coloredlogs=15.0.1=pyhd8ed1ab_4
  - future=0.18.3=pyhd8ed1ab_0
  - humanfriendly=10.0=pyh7428d3b_8
  - intel-openmp=2024.2.1=h57928b3_1083
  - jmespath=1.0.1=pyhd8ed1ab_1
  - joblib=1.4.2=pyhd8ed1ab_1
  - libabseil=20240722.0=cxx17_h4eb7d71_4
  - libblas=3.9.0=31_h641d27c_mkl
  - libcblas=3.9.0=31_h5e41251_mkl
  - libffi=3.4.6=h537db12_0
  - libhwloc=2.11.2=default_hc8275d1_1000
  - libiconv=1.18=h135ad9c_1
  - liblapack=3.9.0=31_h1aa476e_mkl
  - liblzma=5.6.4=h2466b09_0
  - libprotobuf=5.28.3=h8309712_1
  - libxml2=2.13.6=he286e8c_0
  - libzlib=1.3.1=h2466b09_2
  - m2w64-gcc-libgfortran=5.3.0=6
  - m2w64-gcc-libs=5.3.0=7
  - m2w64-gcc-libs-core=5.3.0=7
  - m2w64-gmp=6.1.0=2
  - m2w64-libwinpthread-git=5.0.0.4634.697f757=2
  - mkl=2024.2.2=h66d3029_15
  - mpmath=1.3.0=pyhd8ed1ab_1
  - msys2-conda-epoch=20160418=1
  - networkx=3.0=pyhd8ed1ab_0
  - numpy=1.23.0=py39h1a62c8c_0
  - onnx=1.17.0=py39h55c0331_2
  - onnxruntime=1.18.1=py39h17ad4c1_1_cpu
  - openssl=3.4.1=ha4e3fda_0
  - packaging=24.2=pyhd8ed1ab_2
  - pandas=1.1.5=py39h2e25243_0
  - patsy=1.0.1=pyhd8ed1ab_1
  - platformdirs=4.3.6=pyhd8ed1ab_1
  - pooch=1.8.2=pyhd8ed1ab_1
  - protobuf=5.28.3=py39ha51f57c_0
  - psutil=5.8.0=py39hb82d6ee_2
  - pthreads-win32=2.9.1=h2466b09_4
  - pyreadline3=3.5.4=py39h1941036_0
  - python=3.9.21=h37870fc_1_cpython
  - python-dateutil=2.9.0.post0=pyhff2d567_1
  - python-flatbuffers=25.2.10=pyhbc23db3_0
  - python_abi=3.9=5_cp39
  - pytz=2025.1=pyhd8ed1ab_0
  - requests=2.32.3=pyhd8ed1ab_1
  - ruptures=1.1.9=py39h4b0a98a_2
  - s3transfer=0.11.3=pyhd8ed1ab_0
  - scikit-learn=1.5.1=py39hdd013cc_1
  - scipy=1.10.0=py39hfbf2dce_2
  - six=1.17.0=pyhd8ed1ab_0
  - statsmodels=0.13.2=py39h5d4886f_0
  - sympy=1.13.3=pyh04b8f61_5
  - tbb=2021.13.0=h62715c5_1
  - threadpoolctl=3.5.0=pyhc1e730c_0
  - tk=8.6.13=h5226925_1
  - tzdata=2025a=h78e105d_0
  - ucrt=10.0.22621.0=h57928b3_1
  - urllib3=1.26.19=pyhd8ed1ab_0
  - vc=14.3=hbf610ac_24
  - vc14_runtime=14.42.34438=hfd919c2_24
  - vs2015_runtime=14.42.34438=h7142326_24
  - wheel=0.45.1=pyhd8ed1ab_1
  - win_inet_pton=1.1.0=pyh7428d3b_8
